timestamps:
  login: 1369804828032
  logout: 1369804862976
ipAddress: 24.23.138.60
lastlocation:
  world: woodburry
  x: -214.5
  y: 87.0
  z: 79.5
  yaw: 0.0
  pitch: 0.0
logoutlocation:
  world: woodburry
  x: -231.36932425446898
  y: 71.0
  z: 21.8160577866619
  yaw: 282.89993
  pitch: 2.5500216
afk: false
