timestamps:
  login: 1368169422101
  logout: 1368169470779
ipAddress: 127.0.0.1
lastlocation:
  world: woodburry
  x: 41.5
  y: 77.0
  z: 290.5
  yaw: -1.8
  pitch: 1.5
logoutlocation:
  world: woodburry
  x: 64.10451007289893
  y: 76.0
  z: 273.5379671535746
  yaw: -111.450424
  pitch: 21.599997
afk: false
