timestamps:
  login: 1369803539509
  logout: 1369803558469
ipAddress: 127.0.0.1
lastlocation:
  world: woodburry
  x: 99.5
  y: 62.0
  z: 92.5
  yaw: 0.0
  pitch: 0.0
logoutlocation:
  world: woodburry
  x: 99.3867976214033
  y: 87.0
  z: 108.28213711795141
  yaw: -79.20002
  pitch: 10.049992
afk: false
